[
    [
        [
            [
                0.9994751137167911,
                -0.028903096879740468,
                -0.014632431498826077,
                -0.0993927065337016
            ],
            [
                0.012922805961215467,
                0.7698895391733491,
                -0.6380463138029534,
                -0.3131701694235206
            ],
            [
                0.029706870365224854,
                0.6375223199717862,
                0.7698589438273061,
                0.4383861026697674
            ],
            [
                0.0,
                0.0,
                0.0,
                1.0
            ]
        ],
        [
            [
                0.9820329893702436,
                0.05804521815871708,
                -0.17956046457238295,
                0.011539457143419083
            ],
            [
                0.15165184983623098,
                -0.8090277070028689,
                0.5678696027636361,
                -0.06675601121074676
            ],
            [
                -0.11230727594324556,
                -0.5848973601843213,
                -0.8032945622992979,
                0.6193963926921868
            ],
            [
                0.0,
                0.0,
                0.0,
                1.0
            ]
        ]
    ],
    [
        [
            [
                0.7232967253968601,
                -0.08280149917238877,
                -0.6855550734733018,
                -0.11911507651539621
            ],
            [
                -0.36692439031425034,
                0.7949487580397171,
                -0.4831386590655182,
                -0.40620073338636176
            ],
            [
                0.5849857595041907,
                0.6009994873757516,
                0.5446019439474935,
                0.35809495880823455
            ],
            [
                0.0,
                0.0,
                0.0,
                1.0
            ]
        ],
        [
            [
                0.7912537829005312,
                -0.6109114662707051,
                0.02654489451054856,
                0.03474626481364855
            ],
            [
                -0.5157869428030799,
                -0.6434720937810195,
                0.565603654654851,
                0.014453300760931724
            ],
            [
                -0.3284528591433655,
                -0.4612275413546426,
                -0.824249885906271,
                0.5146166805785604
            ],
            [
                0.0,
                0.0,
                0.0,
                1.0
            ]
        ]
    ],
    [
        [
            [
                0.6148340653861546,
                -0.2505150987701315,
                -0.7478109770048345,
                -0.2701205473767338
            ],
            [
                -0.29477963315031414,
                0.8064837850457881,
                -0.5125318256830352,
                -0.29175032357342134
            ],
            [
                0.7314943881674691,
                0.5355614714917517,
                0.4220069553136416,
                0.3123899295949667
            ],
            [
                0.0,
                0.0,
                0.0,
                1.0
            ]
        ],
        [
            [
                0.6663433707194022,
                -0.7395596731290838,
                -0.09506840789404261,
                -0.02227650863215944
            ],
            [
                -0.5394683253377545,
                -0.5661759028558183,
                0.6232325191954265,
                -0.03515833385543997
            ],
            [
                -0.5147430798520599,
                -0.3640004627834994,
                -0.7762365778793306,
                0.6126558323086418
            ],
            [
                0.0,
                0.0,
                0.0,
                1.0
            ]
        ]
    ],
    [
        [
            [
                0.9776794380727915,
                0.20918689716127103,
                -0.01958975307936872,
                0.016741432663141098
            ],
            [
                -0.17619568733231222,
                0.7655398922285109,
                -0.6187921728433983,
                -0.35165779949678866
            ],
            [
                -0.1144464771636283,
                0.6084320138378649,
                0.7853104407825198,
                0.4173297321101951
            ],
            [
                0.0,
                0.0,
                0.0,
                1.0
            ]
        ],
        [
            [
                0.9898453489061206,
                0.1363181500418093,
                0.0402932651704851,
                -0.03166183383763461
            ],
            [
                0.0887153835152557,
                -0.8139063849535593,
                0.5741828778878469,
                -0.03614460802186341
            ],
            [
                0.11106649349223807,
                -0.564777618626135,
                -0.8177349665523245,
                0.5782269029504635
            ],
            [
                0.0,
                0.0,
                0.0,
                1.0
            ]
        ]
    ],
    [
        [
            [
                0.9412014750275688,
                0.07231747620470161,
                -0.33001509971713605,
                -0.0741660473087914
            ],
            [
                -0.31643580897480894,
                0.5309068895864478,
                -0.7861337375969191,
                -0.5032472340628343
            ],
            [
                0.1183560822450078,
                0.8443388284480502,
                0.5225741866669146,
                0.42409771467330815
            ],
            [
                0.0,
                0.0,
                0.0,
                1.0
            ]
        ],
        [
            [
                0.9819076223139029,
                -0.1699417379423919,
                0.08352979676125835,
                -0.04400273288444766
            ],
            [
                -0.16867577147548293,
                -0.5844832872645186,
                0.793679892038102,
                -0.06170444351682866
            ],
            [
                -0.08605757002732758,
                -0.7934097885793835,
                -0.6025736486334347,
                0.4625704573082762
            ],
            [
                0.0,
                0.0,
                0.0,
                1.0
            ]
        ]
    ],
    [
        [
            [
                0.7935812592568587,
                0.03443208675331602,
                0.6074892726280114,
                -0.0711445021837058
            ],
            [
                0.22215991637590646,
                0.9130738631548635,
                -0.3419665071016515,
                -0.2900961562399915
            ],
            [
                -0.566457197422849,
                0.4063379773356974,
                0.7169488766031967,
                0.2930761454269409
            ],
            [
                0.0,
                0.0,
                0.0,
                1.0
            ]
        ],
        [
            [
                0.7127851430014897,
                0.6846871490213191,
                -0.152121161846089,
                -0.014268710105701408
            ],
            [
                0.6940716652834764,
                -0.6573322080620382,
                0.2935624153308925,
                -0.06122952480249796
            ],
            [
                0.10100427400346876,
                -0.3148299163188652,
                -0.9437585816424077,
                0.5527643892212702
            ],
            [
                0.0,
                0.0,
                0.0,
                1.0
            ]
        ]
    ],
    [
        [
            [
                0.9789810301743852,
                0.013930036629609881,
                -0.20347505163581378,
                -0.10506281459118
            ],
            [
                -0.06470057974551517,
                0.9673442231229883,
                -0.2450693554306135,
                -0.3687394036033855
            ],
            [
                0.1934165906516129,
                0.25308320384822036,
                0.9479129255319955,
                0.18118792858885863
            ],
            [
                0.0,
                0.0,
                0.0,
                1.0
            ]
        ],
        [
            [
                0.9866707539932799,
                -0.09226283590664082,
                -0.13404623204251898,
                -0.026480470348690863
            ],
            [
                -0.06486546828269711,
                -0.9784545664440593,
                0.19600799072801708,
                0.042994744443109835
            ],
            [
                -0.1492424009415521,
                -0.18470038038735134,
                -0.9713971768777017,
                0.45622753812822303
            ],
            [
                0.0,
                0.0,
                0.0,
                1.0
            ]
        ]
    ],
    [
        [
            [
                0.41009875165682586,
                -0.23455089596702328,
                -0.8813653561892364,
                -0.21078940621435655
            ],
            [
                -0.38938488386194436,
                0.8288389162029973,
                -0.40175298780128677,
                -0.37342098842403004
            ],
            [
                0.8247414298489758,
                0.5079487456313948,
                0.24857523147361138,
                0.30578441716138194
            ],
            [
                0.0,
                0.0,
                0.0,
                1.0
            ]
        ],
        [
            [
                0.48527709098296423,
                -0.8743139744118308,
                -0.009012164850936533,
                0.04761520361136518
            ],
            [
                -0.7065407640889972,
                -0.398186859207214,
                0.585019122623552,
                0.014507162835362105
            ],
            [
                -0.515078919824572,
                -0.2775289161562867,
                -0.810969424238343,
                0.5331379123452865
            ],
            [
                0.0,
                0.0,
                0.0,
                1.0
            ]
        ]
    ],
    [
        [
            [
                0.9987352176035283,
                0.005506521154803654,
                0.049976427875593685,
                -0.09012118827709686
            ],
            [
                0.015797912096554314,
                0.909276030703279,
                -0.4158936474170761,
                -0.23646607720835355
            ],
            [
                -0.04773249513509911,
                0.41615715566749706,
                0.9080390028489506,
                0.3722104473345482
            ],
            [
                0.0,
                0.0,
                0.0,
                1.0
            ]
        ],
        [
            [
                0.9764994587538135,
                0.15404661052859803,
                -0.15072640391835723,
                -0.013936461115789613
            ],
            [
                0.19713568361415013,
                -0.9210703166842485,
                0.33580797186660194,
                0.005767409538395785
            ],
            [
                -0.08709953673522637,
                -0.35762985544810044,
                -0.9297927495913703,
                0.6602069398864944
            ],
            [
                0.0,
                0.0,
                0.0,
                1.0
            ]
        ]
    ],
    [
        [
            [
                0.9978522112949304,
                -0.06280814111375085,
                -0.01860381207313932,
                -0.10744320908886129
            ],
            [
                0.026529211154024193,
                0.6471526184793418,
                -0.7618987395650926,
                -0.428847705416292
            ],
            [
                0.05989294924582294,
                0.7597687975990898,
                0.6474289218327142,
                0.4853522212076836
            ],
            [
                0.0,
                0.0,
                0.0,
                1.0
            ]
        ],
        [
            [
                0.97600797068956,
                0.015244735267476522,
                -0.21720045855631026,
                0.019871488648104795
            ],
            [
                0.1666675445923156,
                -0.6942109236980311,
                0.7002093422669359,
                -0.054124479084483486
            ],
            [
                -0.14010842490733877,
                -0.7196101663157289,
                -0.6800961974640305,
                0.5732713370777843
            ],
            [
                0.0,
                0.0,
                0.0,
                1.0
            ]
        ]
    ],
    [
        [
            [
                0.8062970761373088,
                0.07489387155131415,
                0.586750315736159,
                -0.14204174023390465
            ],
            [
                0.18803578377865288,
                0.9080437051945391,
                -0.3742982413468177,
                -0.25545718174419396
            ],
            [
                -0.5608275751344388,
                0.4121256331030965,
                0.7180702566658762,
                0.30707364502080514
            ],
            [
                0.0,
                0.0,
                0.0,
                1.0
            ]
        ],
        [
            [
                0.7256057013177878,
                0.6615115252905934,
                -0.18946996628182036,
                -0.08101715516663256
            ],
            [
                0.6833295875243526,
                -0.660307913169207,
                0.31153512582039017,
                -0.137319894606673
            ],
            [
                0.08097555821925448,
                -0.35552209736363877,
                -0.9311535841402538,
                0.5676185991716426
            ],
            [
                0.0,
                0.0,
                0.0,
                1.0
            ]
        ]
    ],
    [
        [
            [
                0.8913973612045398,
                -0.10443517020053243,
                0.44102612129302377,
                -0.23723022315704279
            ],
            [
                0.27328630128879505,
                0.9001395372943221,
                -0.33920998058349294,
                -0.328158968304064
            ],
            [
                -0.3615595966994556,
                0.4228972790462827,
                0.8309227096486035,
                0.31596694917971974
            ],
            [
                0.0,
                0.0,
                0.0,
                1.0
            ]
        ],
        [
            [
                0.8079994431721141,
                0.5093726191265685,
                -0.2961020680739895,
                -0.09726084561098072
            ],
            [
                0.581205762495122,
                -0.7715109210072175,
                0.25878709474983397,
                -0.07167818957746835
            ],
            [
                -0.09662691900302704,
                -0.38119605670932055,
                -0.9194306960686313,
                0.5519667583819154
            ],
            [
                0.0,
                0.0,
                0.0,
                1.0
            ]
        ]
    ],
    [
        [
            [
                0.9206176328228166,
                -0.3899940961075757,
                0.0191775685880282,
                -0.36436806577667397
            ],
            [
                0.3410512051319455,
                0.7792265174553676,
                -0.5258232687628299,
                -0.35234826574230016
            ],
            [
                0.19012430042937994,
                0.4906227058500398,
                0.8503776284043603,
                0.3736449839347714
            ],
            [
                0.0,
                0.0,
                0.0,
                1.0
            ]
        ],
        [
            [
                0.8494944808194083,
                0.014130222545227944,
                -0.5274082516117722,
                -0.01259068271675794
            ],
            [
                0.25516486108100683,
                -0.8859589113449536,
                0.3872566346468126,
                -0.024221394920149013
            ],
            [
                -0.4617900180026356,
                -0.46354842704865984,
                -0.7562227416931063,
                0.6435580272822194
            ],
            [
                0.0,
                0.0,
                0.0,
                1.0
            ]
        ]
    ],
    [
        [
            [
                0.9082734000663079,
                0.2721108735070998,
                0.31779726753260773,
                -0.023371748101139928
            ],
            [
                -0.007227442882529689,
                0.7696868116428718,
                -0.6383807453647158,
                -0.33165930023393464
            ],
            [
                -0.41831470784729585,
                0.5775273885299584,
                0.7010527231930548,
                0.3863713739886242
            ],
            [
                0.0,
                0.0,
                0.0,
                1.0
            ]
        ],
        [
            [
                0.8834413223259451,
                0.4672824835301945,
                -0.034329442070022545,
                -0.09434410201524032
            ],
            [
                0.3962746465961662,
                -0.706079135411394,
                0.5868719272565207,
                -0.11565819517695586
            ],
            [
                0.2499956689066215,
                -0.5320707989756183,
                -0.8089516860761087,
                0.5383491677373688
            ],
            [
                0.0,
                0.0,
                0.0,
                1.0
            ]
        ]
    ],
    [
        [
            [
                0.9120270959309488,
                0.3949128214683437,
                -0.11068170457520098,
                0.1592201744904695
            ],
            [
                -0.41004830534999437,
                0.883397744250465,
                -0.22686739019256985,
                -0.3209011456002172
            ],
            [
                0.008183126991421555,
                0.2522940524330728,
                0.9676160124447818,
                0.2845844042847533
            ],
            [
                0.0,
                0.0,
                0.0,
                1.0
            ]
        ],
        [
            [
                0.9604203371089581,
                -0.01562841615221769,
                0.2781160345540837,
                0.0063132346213705635
            ],
            [
                -0.07327564665142872,
                -0.9774354899241615,
                0.19811749706810078,
                0.0854576336487166
            ],
            [
                0.26874421979891977,
                -0.21065520559740997,
                -0.9398941050349143,
                0.5712884957450607
            ],
            [
                0.0,
                0.0,
                0.0,
                1.0
            ]
        ]
    ],
    [
        [
            [
                0.8697912073180198,
                0.32408669983235444,
                -0.3720632562670424,
                0.04816988595469934
            ],
            [
                -0.4628590478942866,
                0.7971611346183664,
                -0.38767979988174955,
                -0.28043465857783256
            ],
            [
                0.17095250058029574,
                0.5094133257441664,
                0.8433702070263164,
                0.33898555232596966
            ],
            [
                0.0,
                0.0,
                0.0,
                1.0
            ]
        ],
        [
            [
                0.9436279378979048,
                -0.21524479963743887,
                0.2514676739614596,
                -0.07643265463091806
            ],
            [
                -0.3010314692403007,
                -0.8739572634059904,
                0.3815478426972677,
                -0.026099304333228386
            ],
            [
                0.13764581121695654,
                -0.4357388873728759,
                -0.889485948559883,
                0.589117462799562
            ],
            [
                0.0,
                0.0,
                0.0,
                1.0
            ]
        ]
    ]
]