image_width: 640
image_height: 480
camera_name: narrow_stereo
camera_matrix:
  rows: 3
  cols: 3
  data: [599.639625, 0.000000, 328.841620, 0.000000, 602.139246, 232.169169, 0.000000, 0.000000, 1.000000]
distortion_model: plumb_bob
distortion_coefficients:
  rows: 1
  cols: 5
  data: [0.143990, -0.280626, 0.002779, -0.000829, 0.000000]
rectification_matrix:
  rows: 3
  cols: 3
  data: [1.000000, 0.000000, 0.000000, 0.000000, 1.000000, 0.000000, 0.000000, 0.000000, 1.000000]
projection_matrix:
  rows: 3
  cols: 4
  data: [610.936170, 0.000000, 328.506900, 0.000000, 0.000000, 613.504165, 233.089822, 0.000000, 0.000000, 0.000000, 1.000000, 0.000000]
