kinematics:
  shoulder:
    x: 0
    y: 0
    z: 0.1625535101374433
    roll: -0
    pitch: 0
    yaw: -4.287074301112526e-08
  upper_arm:
    x: -1.994606673231543e-05
    y: 0
    z: 0
    roll: 1.570819544642547
    pitch: 0
    yaw: -2.012967029370527e-06
  forearm:
    x: -0.425098252441738
    y: 0
    z: 0
    roll: 3.141502314133674
    pitch: -3.140574463962915
    yaw: -3.141590285679638
  wrist_1:
    x: -0.3922143575700871
    y: -0.0006210476473596001
    z: 0.1336052586854132
    roll: 0.004648343788642296
    pitch: 0.0006025309972401929
    yaw: -7.383257797914409e-07
  wrist_2:
    x: 6.309743493552485e-05
    y: -0.09976189546848034
    z: 9.095013053426803e-05
    roll: 1.569884655009697
    pitch: 0
    yaw: -2.078516231698857e-07
  wrist_3:
    x: 1.877592835709357e-05
    y: 0.09973050279255603
    z: 7.91315518559599e-06
    roll: 1.570875672180184
    pitch: 3.141592653589793
    yaw: 3.141592333753604
  hash: calib_7458537454623252797